1. 0.0001
2. 0.0010
3. 0.0011
4. 0.0100
5. 0.0101
6. 0.0110
7. 0.0111
8. 0.1000

2. 23.00000000.1
3. 23.00000001.0
4. 23.00000001.1
5. 23.00000010.0
6. 23.00000010.1
7. 23.00000011.0
8. 23.00000011.1
9. 23.00000100.0
10. 23.0000100.1
11. 23.00001001.0
12. 23.00001001.1
13. 23.00001011.1

2. 000000.001
3. 000000.010

2. 000000.001
3. 000000.010
4. 000000.011
5. 000000.100
6. 000000.101
7. 000000.110
8. 000000.111
9. 000001.000
10. 000001.010
11. 000001.011
12. 000001.100
13. 000001.101
